Final test accuracy: 99.43%
Best test accuracy: 99.43%

              precision    recall  f1-score   support

           0     0.9939    0.9980    0.9959       980
           1     0.9921    0.9991    0.9956      1135
           2     0.9952    0.9961    0.9956      1032
           3     0.9970    0.9931    0.9950      1010
           4     0.9949    0.9919    0.9934       982
           5     0.9899    0.9933    0.9916       892
           6     0.9958    0.9937    0.9948       958
           7     0.9980    0.9893    0.9936      1028
           8     0.9959    0.9959    0.9959       974
           9     0.9901    0.9921    0.9911      1009

    accuracy                         0.9943     10000
   macro avg     0.9943    0.9942    0.9943     10000
weighted avg     0.9943    0.9943    0.9943     10000
